rgba(0, 95, 204, 0.3)
rgba(255, 255, 0, 0.1)
rgba(0, 95, 204, 0.3)
rgba(0, 0, 0, 0.1)
rgba(23, 162, 184, 0.1)
rgba(23, 162, 184, 0.2)
rgba(0, 0, 0, 0.02)
rgba(255, 255, 255, 0.8)
rgba(220, 53, 69, 0.1)
rgba(40, 167, 69, 0.1)
rgba(0, 0, 0, 0.15)
rgba(0, 95, 204, 0.3)
rgba(0, 95, 204, 0.3)
rgba(212, 148, 30, 0.9)
rgba(71, 85, 105, 0.8)
rgba(255,255,255,0.95)
rgba(0,0,0,0.12)
rgba(0,0,0,0.8)
rgb(249 250 251)
rgb(229 231 235)
rgb(0 0 0 / 0.10)
rgb(0 0 0 / 0.20)
rgb(0 0 0 / 0.40)
rgb(0 0 0 / 0.60)
rgba(220, 20, 60, 0.4)
rgba(220, 20, 60, 0)
rgba(255,255,255,0.04)
rgb(255, 255, 255)
rgba(0,0,0,0)
rgba(0,0,0,0)
rgba(0,0,0,0)
rgba(0,0,0,0)
